18731
19072
19077
19079
19048
19025
19040
19073
19070
19066
19058
19049
19052
19060
19057
19054
19050
19046
19042
19045
19047
19044
19043
19037
18939
19032
18982
19034
18985
18984
19028
19027
19023
18825
19012
19015
19007
19010
19008
18991
19000
18993
18997
18990
18994
18950
18836
18976
18847
18986
18988
18938
18970
18983
18981
18979
18977
18978
18971
18969
18962
18965
18967
18944
18955
18498
18922
18960
18963
18953
18952
18961
18958
18940
18936
18947
18923
18934
18945
18937
18935
18844
18931
18926
18895
18873
18489
18908
18904
18910
18899
18893
18912
18909
18892
18906
18918
18920
18924
18925
18929
18933
18966
18993
19062
19081
19082
19080
19005
19069
19078
19064
19093
19096
19095
19099
19097
19086
19108
19075
19083
19030
19104
19205
19201
19200
19199
19175
19198
19196
19194
19144
19146
18790
19089
19177
19186
19185
19183
19182
19184
19067
19061
19178
19180
19139
19173
19171
19172
19174
19168
19162
19109
19157
19170
18750
19127
19158
19166
19169
19167
19145
19165
19161
19151
19160
19143
19159
19156
19153
19155
19154
19152
19149
19150
19141
19148
19147
19135
19142
18891
19133
19130
19114
19116
19128
19059
19122
19125
19110
19118
19113
19121
19111
19094
19074
19071
19119
19120
19115
19084
19091
19011
19104
19030
19083
19075
19108
19103
19086
19097
19099
19095
19096
19093
19064
19078
19090
19069
19005
19080
19082
19081
18844
19248
19233
19260
19243
19249
19237
19251
19213
19242
19234
19245
19246
19241
19240
19244
19239
19238
19208
19232
19229
19228
19222
19123
19219
18843
19187
19206
19217
19218
19203
19193
19016
19207
19106
19137